1	1	0	N	-	2,5,6	-
2	1	1	N	1	3,7,8	34
3	2	0	N	2,34	4,9,10	33
4	2	1	N	3,33	-	-
5	1	2	NE	1	-	-
6	1	3	NW	1	31	-
7	9	0	NE	2,34	-	-
8	9	1	NW	2	32	-
9	2	3	NE	3,33	-	-
10	2	4	NW	3	-	-
11	4	0	N	-	12,15,16	-
12	4	1	N	11	13,17,18	31,38
13	5	0	N	12,31,38	14,19,20	32,37
14	5	1	N	13,32,37	-	-
15	4	2	NE	11	34	-
16	4	3	NW	11	35	-
17	9	2	NE	12,38	33	-
18	9	3	NW	12,31	36	-
19	5	3	NE	13,37	-	-
20	5	4	NW	13,32	-	-
21	7	0	N	-	22,25,26	-
22	7	1	N	21	23,27,28	35
23	8	0	N	22,35	24,29,30	36
24	8	1	N	23,36	-	-
25	7	2	NE	21	38	-
26	7	3	NW	21	-	-
27	10	0	NE	22	37	-
28	10	1	NW	22,35	-	-
29	8	3	NE	23	-	-
30	8	4	NW	23,36	-	-
31	3	0	NW	6	13,18	-
32	3	1	NW	8	14,20	-
33	3	2	NE	17	4,9	-
34	3	3	NE	15	3,7	-
35	6	0	NW	16	23,28	-
36	6	1	NW	18	24,30	-
37	6	2	NE	27	14,19	-
38	6	3	NE	25	13,17	-
