1
1,2
1,2,3
1,2,3,4
1,2,3,9
1,2,3,10
1,2,7
1,2,8
1,2,8,32
1,2,8,32,14
1,2,8,32,20
1,5
1,6
1,6,31
1,6,31,13
1,6,31,13,14
1,6,31,13,19
1,6,31,13,20
1,6,31,18
1,6,31,18,36
1,6,31,18,36,24
1,6,31,18,36,30
2
2,3
2,3,4
2,3,9
2,3,10
2,7
2,8
2,8,32
2,8,32,14
2,8,32,20
3
3,4
3,9
3,10
4
5
6
6,31
6,31,13
6,31,13,14
6,31,13,19
6,31,13,20
6,31,18
6,31,18,36
6,31,18,36,24
6,31,18,36,30
7
8
8,32
8,32,14
8,32,20
9
10
11
11,12
11,12,13
11,12,13,14
11,12,13,19
11,12,13,20
11,12,17
11,12,17,33
11,12,17,33,4
11,12,17,33,9
11,12,18
11,12,18,36
11,12,18,36,24
11,12,18,36,30
11,15
11,15,34
11,15,34,3
11,15,34,3,4
11,15,34,3,9
11,15,34,3,10
11,15,34,7
11,16
11,16,35
11,16,35,23
11,16,35,23,24
11,16,35,23,29
11,16,35,23,30
11,16,35,28
12
12,13
12,13,14
12,13,19
12,13,20
12,17
12,17,33
12,17,33,4
12,17,33,9
12,18
12,18,36
12,18,36,24
12,18,36,30
13
13,14
13,19
13,20
14
15
15,34
15,34,3
15,34,3,4
15,34,3,9
15,34,3,10
15,34,7
16
16,35
16,35,23
16,35,23,24
16,35,23,29
16,35,23,30
16,35,28
17
17,33
17,33,4
17,33,9
18
18,36
18,36,24
18,36,30
19
20
21
21,22
21,22,23
21,22,23,24
21,22,23,29
21,22,23,30
21,22,27
21,22,27,37
21,22,27,37,14
21,22,27,37,19
21,22,28
21,25
21,25,38
21,25,38,13
21,25,38,13,14
21,25,38,13,19
21,25,38,13,20
21,25,38,17
21,25,38,17,33
21,25,38,17,33,4
21,25,38,17,33,9
21,26
22
22,23
22,23,24
22,23,29
22,23,30
22,27
22,27,37
22,27,37,14
22,27,37,19
22,28
23
23,24
23,29
23,30
24
25
25,38
25,38,13
25,38,13,14
25,38,13,19
25,38,13,20
25,38,17
25,38,17,33
25,38,17,33,4
25,38,17,33,9
26
27
27,37
27,37,14
27,37,19
28
29
30
31
31,13
31,13,14
31,13,19
31,13,20
31,18
31,18,36
31,18,36,24
31,18,36,30
32
32,14
32,20
33
33,4
33,9
34
34,3
34,3,4
34,3,9
34,3,10
34,7
35
35,23
35,23,24
35,23,29
35,23,30
35,28
36
36,24
36,30
37
37,14
37,19
38
38,13
38,13,14
38,13,19
38,13,20
38,17
38,17,33
38,17,33,4
38,17,33,9
